1.084295	2.1640580000000003
0.55584	2.1319169999999996
1.0636370000000002	1.119433
3.5603050000000005	-0.46757
-0.407461	2.064379
-1.747675	0.894502
0.521269	-0.184202
0.298935	1.2506620000000002
-0.428829	0.696293
1.5219559999999999	2.542916
0.9022620000000001	2.470421
0.592236	0.640171
0.6633760000000001	2.2994369999999997
1.478238	0.010253
2.364176	0.390787
1.620308	2.7295439999999997
1.744314	-2.228751
0.117873	1.309658
0.818389	0.032243
2.0244009999999997	0.6766340000000001
1.628239	2.470185
-0.202933	2.169016
3.08394	-0.373895
2.6785639999999997	0.9773149999999999
1.9953830000000001	0.310266
0.136974	1.575925
0.9384020000000001	0.8915860000000001
1.4217229999999998	0.755416
1.1081219999999998	3.117839
1.161371	1.113197
0.93063	1.671507
0.717278	-1.135533
2.930766	0.703924
1.732213	0.005677000000000001
0.9981450000000001	0.200425
2.372843	1.077911
0.375931	1.7493349999999999
2.200439	2.162052
0.451097	0.73897
0.602744	1.1594229999999999
0.88787	1.0683790000000002
1.033166	1.220589
2.000698	-0.196421
2.141123	0.159182
1.629729	1.480651
0.943573	0.576328
0.048117	1.48304
1.464235	2.715377
0.22685999999999998	1.30435
2.8189509999999998	1.055666
4.073074	1.073224
4.520630000000001	0.350804
3.4781120000000003	0.5928800000000001
3.9571080000000003	0.683419
3.156682	0.5506489999999999
0.585413	1.297801
4.510602	0.8753340000000001
2.2459439999999997	1.490154
4.916458	0.619007
2.304929	1.8603669999999999
2.773967	1.2078440000000001
1.7232299999999998	-0.41140200000000005
2.0911	0.725999
1.9058580000000003	0.947042
2.222652	1.9186779999999999
1.495195	1.8663319999999999
2.416256	0.4674
0.39774	0.555513
3.900229	-0.49204899999999996
3.248949	2.818748
3.443576	-0.023065000000000002
1.792507	0.566472
5.210355	2.450392
2.5363189999999998	-0.862059
3.057907	2.075589
1.392635	0.284933
3.255585	0.7091270000000001
4.668673	0.587979
4.281121	0.655526
3.452754	-0.049703
3.289618	0.29377
5.062342	0.262975
2.227775	1.551179
2.222545	0.32981
2.819265	1.071073
2.156789	-0.077152
2.2404450000000002	-0.349598
4.608012	0.567999
1.596249	0.5667770000000001
1.0963379999999998	0.17721099999999998
3.403149	0.064261
2.677557	0.74669
2.923827	1.096316
3.353675	2.6255599999999997
3.120063	1.117174
4.099412	-0.50113
3.431682	1.701641
3.228486	-0.045769
4.068364	1.1153389999999999
1.927471	-1.114587
-0.068645	3.8947809999999996
2.9284790000000003	4.216492
1.641477	3.955851
2.4157290000000002	3.717329
2.353576	3.4677879999999996
1.984691	2.513288
2.418272	2.634255
1.339705	2.92692
2.382926	3.466594
2.066652	3.3561980000000005
1.5570620000000002	2.517355
2.567931	3.4022699999999997
0.370703	3.3959639999999998
2.761723	2.650188
2.843479	2.563007
0.6216649999999999	3.0632479999999997
0.6670159999999999	2.4459619999999997
1.741613	2.888652
1.828915	3.5756050000000004
1.115904	2.567063
4.009844	3.049042
-0.027583999999999997	3.637573
0.8288120000000001	3.796264
3.179664	2.4348330000000002
2.406413	2.646212
1.306186	3.363161
0.819688	3.14445
0.9891620000000001	2.8064560000000003
2.553531	2.610127
3.553468	3.464926
3.8583519999999996	3.03588
3.189495	3.309849
2.278547	3.473178
1.4871370000000002	2.732017
2.9480619999999997	2.753835
2.411189	2.4935099999999997
1.360062	2.748857
1.575892	3.4704919999999997
2.618015	3.1982470000000003
2.298235	1.9195349999999998
2.11463	2.947458
1.8193	2.823973
1.629442	3.5552080000000004
1.0810600000000001	3.7070879999999997
2.11065	2.346962
2.838093	2.49757
3.0451509999999997	3.063687
2.395118	3.821535
2.023025	2.70235
0.98672	3.635528
